5.1039e-06
8.2622e-06
1.54619e-05
2.07532e-05
2.85592e-05
3.31469e-05
4.55789e-05
6.95524e-05
7.5996e-05
0.0001028
0.000126948
0.000151016
0.000177468
0.000216964
0.000252538
0.000264192
0.000312316
0.000346
0.00036482
0.000438408
0.00046656
0.000531392
0.000625108
0.00068034
0.000704924
0.000760848
0.000787132
0.00084406
0.00105452
0.00112546
0.00122126
0.00125396
0.00144192
0.00148329
0.0015842
0.00171114
0.00180786
0.0019322
0.00207985
0.00211243
0.00236139
0.00240846
0.00253294
0.00255805
0.00289226
0.00324614
0.00336559
0.00341827
0.00354796
0.0037319
0.00378973
0.00421686
0.0044076
0.00449342
0.00471262
0.00481981