2.40789e-06
4.65806e-06
1.62857e-05
2.87357e-05
4.9749e-05
6.60735e-05
9.62048e-05
0.000176754
0.00022102
0.000384008
0.000453783
0.000529795
0.000640586
0.000913972
0.00124745
0.0013729
0.00180637
0.00216376
0.00234147
0.00294572
0.00341929
0.00419051
0.00537152
0.00608627
0.00643444
0.00718513
0.00759033
0.00845685
0.0119823
0.0130839
0.0149527
0.0156099
0.019271
0.0199089
0.0223919
0.0250941
0.0267466
0.0296636
0.0329495
0.034162
0.0400023
0.0411472
0.0436901
0.0450309
0.053743
0.0630785
0.0668905
0.0688385
0.0717899
0.0776026
0.0810635
0.0896056
0.0966473
0.102977
0.110077
0.112503