3.1592e-06
5.288e-06
6.78e-06
9.812e-06
1.2956e-05
1.6344e-05
2.2044e-05
2.5856e-05
3.224e-05
4.238e-05
4.8844e-05
5.7176e-05
6.1888e-05
7.356e-05
8.4984e-05
9.4252e-05
0.000111044
0.000123772
0.0001346
0.00014772
0.00016218
0.00017592
0.000192444
0.000209204
0.0002349
0.000244788
0.000266932
0.000285272
0.000308544
0.00032814
0.000348732
0.000370568
0.00039796
0.000419956
0.000445364
0.000471884
0.000501476
0.000527316
0.0005604
0.000588584
0.000625152
0.000651468
0.000683556
0.00072864
0.000763036
0.000787956
0.000839512
0.000870524
0.000915724
0.000953456
0.00100111
0.00104966
0.00107686
0.0011324
0.00117882
0.00121742
0.00126885
0.00132694
0.00136788
0.00141985
0.00147594
0.00151896
0.001579
0.00163713
0.00169966
0.00175105
0.00180459
0.00185127
0.00192556
0.00197939
0.00204661
0.00212637
0.00218039
0.002258
0.00232665
0.00248476
0.00245207
0.00252225
0.00260405
0.00268656
0.00274602
0.0028377
0.00290504
0.00298986
0.00308627
0.00317423
0.00325103
0.00331862
0.00341444
0.00352218
0.00359354
0.00366485
0.00375743
0.00383517
0.00396573
0.00405926
0.0041639
0.00424874
0.00437376
0.00447376
0.00457176
0.0046701
0.00478104
0.00486596
0.00498806
0.00508863
0.00520085
0.00531782
0.00542557
0.00553116
0.00567724
0.00575682
0.00591316
0.00603354
0.00618418
0.00623231
0.0064177
0.00654414
0.00667677
0.00678964
0.0069077
0.00706017
0.00720088
0.0073077
0.00749524