1.1133e-06
8.08e-07
1.184e-06
1.276e-06
1.26e-06
2.004e-06
2.476e-06
2.288e-06
3.048e-06
3.58e-06
3.38e-06
3.684e-06
3.752e-06
4.46e-06
5.056e-06
5.32e-06
6.78e-06
7.9e-06
6.432e-06
7.384e-06
8.088e-06
8.516e-06
9.64e-06
9.868e-06
1.0716e-05
1.0308e-05
1.1232e-05
1.1908e-05
1.3252e-05
1.3488e-05
1.4096e-05
1.5072e-05
1.5872e-05
1.6788e-05
1.7996e-05
1.8308e-05
1.8904e-05
1.9728e-05
2.056e-05
2.1128e-05
2.2992e-05
2.4084e-05
2.4448e-05
2.5532e-05
2.7448e-05
2.7556e-05
2.8488e-05
2.9376e-05
3.1024e-05
3.174e-05
3.2916e-05
3.4308e-05
3.5644e-05
3.64e-05
3.748e-05
3.8964e-05
4.1128e-05
4.2604e-05
4.3412e-05
4.4204e-05
4.6476e-05
4.686e-05
4.9044e-05
4.9632e-05
5.0744e-05
5.2036e-05
5.5044e-05
5.572e-05
5.6528e-05
5.9344e-05
6.126e-05
6.2488e-05
6.3416e-05
6.3876e-05
6.6216e-05
6.808e-05
7.178e-05
7.2664e-05
7.2184e-05
7.5552e-05
7.6224e-05
8.2548e-05
8.046e-05
8.2912e-05
8.872e-05
8.6256e-05
8.81e-05
8.96e-05
9.1476e-05
9.4244e-05
9.5864e-05
9.8116e-05
0.00010022
0.000101264
0.00010562
0.000107704
0.0001077
0.00010962
0.000112768
0.00011342
0.000117612
0.000119944
0.000120796
0.00012194
0.000125624
0.000125908
0.000129592
0.000130968
0.000134504
0.000139572
0.000139624
0.000142516
0.000144408
0.000143916
0.000149936
0.000149808
0.000152556
0.000156656
0.000160276
0.000161132
0.000164852
0.000165864
0.000168028
0.000169072
0.00017276