1.08065e-06
8.84e-07
1.068e-06
1.24e-06
1.04e-06
1.192e-06
1.564e-06
2.16e-06
2.064e-06
2.588e-06
3.728e-06
3.868e-06
4.556e-06
4.844e-06
4.84e-06
5.2e-06
5.548e-06
6.424e-06
6.704e-06
6.964e-06
7.704e-06
7.76e-06
8.736e-06
9.552e-06
1.01e-05
1.0076e-05
1.0864e-05
1.162e-05
1.2568e-05
1.306e-05
1.3992e-05
1.446e-05
1.5068e-05
1.594e-05
1.6596e-05
1.7728e-05
1.8372e-05
1.9408e-05
2.0012e-05
2.0792e-05
2.1912e-05
2.2784e-05
2.3688e-05
2.444e-05
2.5504e-05
2.6352e-05
2.7396e-05
2.9936e-05
2.966e-05
3.1204e-05
3.232e-05
3.3148e-05
3.4076e-05
3.57e-05
3.6912e-05
3.8004e-05
3.894e-05
4.0292e-05
4.1916e-05
4.3328e-05
4.4464e-05
4.5752e-05
4.6936e-05
4.8744e-05
5.0072e-05
5.1828e-05
5.2664e-05
5.4404e-05
5.5868e-05
5.704e-05
5.8616e-05
6.0088e-05
6.2028e-05
6.3888e-05
6.5312e-05
6.7172e-05
7.6264e-05
6.9992e-05
7.2884e-05
7.3684e-05
7.6936e-05
7.7124e-05
7.9192e-05
8.1296e-05
8.2628e-05
8.5012e-05
8.7328e-05
8.8808e-05
9.03e-05
9.3544e-05
9.364e-05
9.8852e-05
9.824e-05
0.000100052
0.000102392
0.000105012
0.00010672
0.000108584
0.000109848
0.000113308
0.00011522
0.000117596
0.00011914
0.00012086
0.000126476
0.000125976
0.000128136
0.000130352
0.000131932
0.000134564
0.000136964
0.00013942
0.000141604
0.000146616
0.000147856
0.000149296
0.000152124
0.000155368
0.000158252
0.000159912
0.000162356
0.000165388
0.000167724
0.000170344
0.000173308