3.80693e-06
1.48e-06
1.168e-06
1.184e-06
1.764e-06
1.252e-06
1.748e-06
1.876e-06
2.204e-06
2.808e-06
4.168e-06
3.904e-06
3.964e-06
4.476e-06
5.044e-06
5.548e-06
5.628e-06
5.912e-06
6.488e-06
7.336e-06
7.772e-06
8.048e-06
9.108e-06
9.424e-06
9.74e-06
1.0192e-05
1.092e-05
1.1364e-05
1.2988e-05
1.2648e-05
1.3184e-05
1.4044e-05
1.5116e-05
1.5688e-05
1.7128e-05
1.7332e-05
1.8584e-05
1.8952e-05
2.01e-05
2.154e-05
2.308e-05
2.2612e-05
2.402e-05
2.4712e-05
2.5532e-05
2.6328e-05
2.7952e-05
2.8828e-05
2.9784e-05
3.0996e-05
3.196e-05
3.3328e-05
3.4628e-05
3.5292e-05
3.674e-05
3.7564e-05
3.9084e-05
4.042e-05
4.1472e-05
4.294e-05
4.4172e-05
4.5908e-05
4.6968e-05
4.918e-05
4.98e-05
5.1288e-05
5.2432e-05
5.4356e-05
5.5568e-05
5.7768e-05
5.8692e-05
6.0212e-05
6.2208e-05
6.3616e-05
6.5204e-05
6.6604e-05
6.91e-05
7.1912e-05
7.1808e-05
7.3612e-05
7.5072e-05
7.7608e-05
7.8972e-05
8.074e-05
8.3748e-05
8.4788e-05
8.862e-05
8.814e-05
9.056e-05
9.1768e-05
9.4948e-05
9.6672e-05
9.7848e-05
0.00010086
0.000101752
0.000104308
0.000106352
0.000110672
0.000110676
0.00011164
0.000115252
0.000118064
0.0001199
0.000121524
0.000123648
0.00012584
0.000127428
0.000130776
0.00013228
0.000134456
0.000137448
0.000139616
0.000144976
0.000144784
0.000146864
0.000150648
0.000152568
0.000154476
0.000157568
0.000158884
0.000161504
0.000164524
0.00016736
0.00017158
0.000175944